254.779 6.46642 -17.3356 254.094 6.64523 -18.0422
254.779 6.46642 -17.3356 254.094 6.64523 -18.0422
254.779 6.46642 -17.3356 254.094 6.64523 -18.0422
254.779 6.46642 -17.3356 254.094 6.64523 -18.0422
254.78 6.4733 -17.3347 254.094 6.64523 -18.0422
255.123 6.40628 -16.9776 254.437 6.55926 -17.6884
255.465 6.34705 -16.6167 254.78 6.48277 -17.333
255.807 6.2792 -16.2586 255.122 6.41491 -16.9749
256.149 6.21134 -15.9005 255.465 6.34705 -16.6167
256.491 6.14348 -15.5423 255.807 6.2792 -16.2586
256.834 6.07562 -15.1842 256.149 6.21134 -15.9005
257.177 6.01815 -14.8251 256.491 6.14348 -15.5423
257.52 5.95721 -14.4663 256.834 6.08081 -15.1837
257.863 5.89714 -14.1074 257.177 6.01901 -14.825
258.205 5.83621 -13.7486 257.52 5.95808 -14.4662
258.549 5.78221 -13.3892 257.863 5.89714 -14.1074
258.893 5.74383 -13.0287 258.206 5.83967 -13.7483
259.235 5.70634 -12.6658 258.55 5.79175 -13.3885
259.562 5.70891 -12.2857 258.892 5.74904 -13.0271
259.896 5.69582 -11.9137 259.227 5.72898 -12.6564
260.228 5.68448 -11.5399 259.562 5.7124 -12.2851
260.56 5.67575 -11.166 259.895 5.69844 -11.9125
260.891 5.6679 -10.7916 260.227 5.6871 -11.5393
261.222 5.66353 -10.4165 260.559 5.6775 -11.1654
261.551 5.6583 -10.0398 260.891 5.67052 -10.791
261.874 5.66266 -9.65838 261.221 5.66441 -10.4154
262.195 5.66703 -9.27535 261.547 5.66354 -10.0369
262.517 5.67052 -8.89233 261.871 5.66528 -9.65611
262.838 5.67488 -8.50932 262.194 5.6679 -9.27422
263.16 5.67837 -8.12687 262.516 5.67139 -8.89177
263.482 5.68186 -7.74442 262.838 5.67488 -8.50932
263.804 5.68535 -7.36197 263.16 5.67837 -8.12687
264.126 5.68884 -6.97951 263.482 5.68186 -7.74442
264.444 5.69233 -6.5937 263.804 5.68535 -7.36197
264.75 5.69582 -6.19742 264.124 5.68884 -6.97783
265.049 5.69931 -5.79642 264.437 5.69233 -6.58763
265.336 5.70281 -5.38715 264.743 5.69582 -6.19203
265.632 5.7063 -4.98368 265.04 5.69931 -5.78959
265.928 5.70979 -4.58072 265.336 5.7028 -5.38663
266.224 5.71328 -4.17777 265.632 5.7063 -4.98368
266.52 5.71677 -3.77482 265.928 5.70979 -4.58072
266.813 5.72026 -3.3698 266.224 5.71328 -4.17777
267.097 5.722 -2.95867 266.518 5.71677 -3.77379
267.36 5.72288 -2.53235 266.808 5.71939 -3.36623
267.614 5.72288 -2.10124 267.084 5.72113 -2.94929
267.873 5.72375 -1.67354 267.349 5.722 -2.52526
268.129 5.72462 -1.24404 267.611 5.72288 -2.0994
268.364 5.72549 -0.802225 267.87 5.72375 -1.67172
268.586 5.72462 -0.354025 268.117 5.72462 -1.23697
268.783 5.71939 0.106322 268.351 5.72462 -0.795498
268.99 5.71502 0.561697 268.567 5.722 -0.344588
269.192 5.70979 1.0192 268.779 5.71851 0.108555
269.394 5.70542 1.47668 268.985 5.71415 0.563879
269.598 5.70106 1.93308 269.189 5.70979 1.02028
269.8 5.6967 2.39019 269.394 5.70542 1.47668
269.991 5.69233 2.85253 269.597 5.70106 1.93343
270.162 5.68972 3.32274 269.794 5.6967 2.39298
270.297 5.68448 3.80559 269.978 5.69321 2.85786
270.416 5.68012 4.29198 270.137 5.68884 3.33173
270.542 5.67575 4.77591 270.277 5.68448 3.81186
270.662 5.67139 5.26156 270.41 5.68012 4.29388
270.784 5.66703 5.74627 270.536 5.67575 4.77772
270.89 5.66441 6.23515 270.66 5.67139 5.26199
270.973 5.66267 6.72883 270.775 5.6679 5.74857
271.07 5.66005 7.2193 270.874 5.66528 6.2387
271.168 5.65743 7.7096 270.972 5.66267 6.729
271.266 5.65481 8.1999 271.07 5.66005 7.2193
271.364 5.65219 8.6902 271.168 5.65743 7.7096
271.446 5.65307 9.18347 271.266 5.65481 8.1999
271.5 5.65219 9.68121 271.356 5.65394 8.69169
271.567 5.65132 10.1767 271.428 5.65307 9.18645
271.635 5.65045 10.6721 271.498 5.65219 9.68158
271.702 5.64958 11.1676 271.567 5.65132 10.1768
271.761 5.6487 11.6641 271.634 5.65045 10.6722
271.82 5.64958 12.1607 271.698 5.64958 11.1682
271.877 5.65132 12.6574 271.759 5.64958 11.6644
271.936 5.65219 13.1539 271.818 5.65045 12.1609
271.996 5.65307 13.6504 271.877 5.65132 12.6574
272.055 5.65394 14.1468 271.936 5.65219 13.1539
272.114 5.65481 14.6433 271.996 5.65307 13.6504
272.173 5.65568 15.1398 272.055 5.65394 14.1468
272.232 5.65656 15.6363 272.114 5.65481 14.6433
272.292 5.65743 16.1328 272.173 5.65568 15.1398
272.351 5.6583 16.6292 272.232 5.65656 15.6363
272.41 5.65917 17.1257 272.292 5.65743 16.1328
272.469 5.66005 17.6222 272.351 5.6583 16.6292
272.529 5.66092 18.1187 272.41 5.65917 17.1257
272.588 5.66179 18.6152 272.469 5.66005 17.6222
272.642 5.6679 19.1122 272.529 5.66092 18.1187
272.679 5.68012 19.6109 272.585 5.66441 18.6155
272.719 5.68797 20.1093 272.632 5.67226 19.1132
272.763 5.69583 20.6073 272.676 5.68012 19.6112
272.805 5.70542 21.1055 272.719 5.68797 20.1093
272.84 5.71415 21.6041 272.762 5.6967 20.6074
272.869 5.72288 22.1033 272.801 5.70542 21.1057
272.895 5.7316 22.6026 272.835 5.71415 21.6045
272.919 5.74033 23.1019 272.865 5.72288 22.1035
272.939 5.74556 23.6015 272.892 5.7316 22.6027
272.961 5.75255 24.101 272.916 5.73858 23.1021
272.984 5.75953 24.6004 272.938 5.74556 23.6016
272.998 5.76476 25.1003 272.961 5.75255 24.101
273.009 5.76913 25.6001 272.979 5.75865 24.6006
273.017 5.77087 26.1001 272.994 5.76389 25.1004
273.023 5.77262 26.6001 273.005 5.76738 25.6003
273.026 5.77349 27.1001 273.014 5.77 26.1002
273.032 5.77524 27.6 273.02 5.77174 26.6001
273.039 5.77698 28.1 273.026 5.77349 27.1001
273.039 5.77873 28.6 273.032 5.77524 27.6
273.038 5.78047 29.1 273.036 5.77698 28.1
273.033 5.78222 29.6 273.037 5.77873 28.6
273.026 5.78396 30.1 273.035 5.78047 29.1
273.015 5.78745 30.5999 273.031 5.78222 29.6
273.007 5.79007 31.0998 273.023 5.78483 30.0999
272.996 5.79443 31.5997 273.015 5.78745 30.5999
272.983 5.79792 32.0995 273.005 5.79094 31.0998
272.968 5.80141 32.5993 272.994 5.79443 31.5996
272.953 5.8084 33.099 272.981 5.79792 32.0994
272.936 5.81538 33.5986 272.967 5.80316 32.5992
272.916 5.82498 34.0982 272.951 5.80927 33.0989
272.899 5.83283 34.5978 272.934 5.81712 33.5986
272.88 5.84068 35.0974 272.916 5.82498 34.0982
272.858 5.85203 35.5968 272.898 5.83283 34.5978
272.831 5.86337 36.096 272.878 5.84243 35.0973
272.774 5.88082 36.593 272.854 5.8529 35.5966
272.731 5.90525 37.0906 272.814 5.86686 36.0948
272.689 5.92444 37.5885 272.772 5.88605 36.5927
272.647 5.94364 38.0864 272.731 5.90525 37.0906
272.605 5.96283 38.5842 272.689 5.92444 37.5885
272.563 5.98202 39.0821 272.647 5.94364 38.0864
272.522 6.00122 39.58 272.605 5.96283 38.5842
272.48 6.02041 40.0779 272.563 5.98202 39.0821
272.438 6.03961 40.5757 272.522 6.00122 39.58
272.396 6.0588 41.0736 272.48 6.02041 40.0779
272.354 6.078 41.5715 272.438 6.03961 40.5757
272.313 6.09719 42.0694 272.396 6.0588 41.0736
272.271 6.11638 42.5673 272.354 6.078 41.5715
272.229 6.13558 43.0651 272.313 6.09719 42.0694
272.187 6.15477 43.563 272.271 6.11638 42.5673
272.135 6.17048 44.0601 272.229 6.13558 43.0651
272.072 6.18095 44.5562 272.182 6.15303 43.5626
271.997 6.18968 45.0506 272.127 6.16699 44.0594
271.902 6.19578 45.542 272.062 6.17833 44.555
271.8 6.20102 46.0317 271.982 6.18706 45.0485
271.697 6.20975 46.5209 271.891 6.19404 45.5401
271.591 6.2176 47.0096 271.794 6.20189 46.0305
271.481 6.22894 47.4973 271.692 6.20975 46.52
271.367 6.24378 47.9839 271.587 6.21935 47.0087
271.238 6.26123 48.467 271.477 6.23156 47.4963
271.102 6.2778 48.948 271.358 6.24639 47.9816
270.97 6.29525 49.4298 271.23 6.2621 48.4648
270.839 6.31183 49.9122 271.1 6.27868 48.9473
270.709 6.32841 50.3947 270.97 6.29525 49.4298
270.579 6.34499 50.8772 270.839 6.31183 49.9122
270.449 6.36157 51.3596 270.709 6.32841 50.3947
270.319 6.37814 51.8421 270.579 6.34499 50.8772
270.187 6.39472 52.3241 270.449 6.36157 51.3596
270.054 6.4113 52.8059 270.318 6.37814 51.8419
269.919 6.42788 53.287 270.186 6.39472 52.3239
269.78 6.44445 53.7671 270.052 6.4113 52.8055
269.637 6.45754 54.2462 269.916 6.42788 53.2863
269.491 6.46889 54.7242 269.777 6.44271 53.7662
269.343 6.48023 55.2018 269.634 6.4558 54.2452
269.193 6.4907 55.6785 269.489 6.46801 54.7235
269.034 6.50205 56.1524 269.341 6.47936 55.201
268.877 6.51339 56.627 269.187 6.4907 55.6767
268.716 6.52473 57.1004 269.032 6.50205 56.1518
268.552 6.53608 57.5725 268.874 6.51339 56.6261
268.386 6.54742 58.044 268.713 6.52473 57.0993
268.211 6.56051 58.5123 268.549 6.53608 57.5717
268.035 6.57622 58.9801 268.38 6.54829 58.042
267.853 6.59367 59.4454 268.208 6.56225 58.511
267.67 6.61112 59.9107 268.03 6.57796 58.9782
267.49 6.62769 60.3769 267.85 6.59454 59.4445
267.311 6.64427 60.8431 267.67 6.61112 59.9107
267.129 6.66085 61.3087 267.49 6.62769 60.3769
266.948 6.67743 61.7746 267.31 6.64427 60.8428
266.768 6.694 62.2405 267.129 6.66085 61.3087
266.587 6.71058 62.7064 266.948 6.67743 61.7746
266.406 6.72716 63.1723 266.768 6.694 62.2405
266.224 6.74374 63.6376 266.587 6.71058 62.7064
266.034 6.76031 64.1 266.405 6.72716 63.172
265.831 6.77166 64.5568 266.22 6.74374 63.636
265.62 6.78039 65.0104 266.025 6.7577 64.0964
265.411 6.78998 65.4646 265.823 6.76904 64.5534
265.196 6.79348 65.916 265.617 6.77951 65.009
264.976 6.79697 66.365 265.407 6.78649 65.4625
264.753 6.79697 66.8126 265.191 6.79173 65.9138
264.531 6.79958 67.2604 264.972 6.79435 66.3632
264.299 6.79871 67.7036 264.751 6.79697 66.8118
264.062 6.79609 68.1439 264.525 6.79784 67.2577
263.803 6.78824 68.572 264.294 6.79697 67.7008
263.535 6.78039 68.9944 264.048 6.7926 68.1364
263.253 6.77079 69.4077 263.791 6.78649 68.5654
262.964 6.76293 69.8165 263.522 6.77864 68.9865
262.674 6.75508 70.2235 263.243 6.77079 69.4015
262.377 6.74723 70.6255 262.959 6.76293 69.8125
262.074 6.73937 71.0238 262.668 6.75508 70.219
261.766 6.73152 71.4179 262.371 6.74723 70.6214
261.459 6.72367 71.8118 262.069 6.73937 71.0196
261.149 6.71756 72.2048 261.764 6.73152 71.4157
260.838 6.71232 72.596 261.456 6.72454 71.8102
260.526 6.70796 72.9868 261.147 6.71843 72.2031
260.216 6.70272 73.3786 260.837 6.71319 72.595
259.905 6.69749 73.7704 260.526 6.70796 72.9868
259.589 6.69225 74.1579 260.216 6.70272 73.3786
259.274 6.68702 74.5465 259.902 6.69749 73.7683
258.96 6.68178 74.9356 259.588 6.69225 74.1574
258.642 6.67654 75.3214 259.274 6.68702 74.5465
258.326 6.67131 75.7088 258.958 6.68178 74.9339
258.008 6.66607 76.0941 258.642 6.67654 75.3214
257.68 6.65909 76.4715 258.325 6.67131 75.7077
257.342 6.65124 76.8408 258.002 6.6652 76.0896
256.974 6.63902 77.1807 257.672 6.65822 76.4652
256.597 6.62419 77.5098 257.323 6.64862 76.823
256.234 6.61197 77.8533 256.96 6.6364 77.1664
255.871 6.59976 78.1967 256.597 6.62419 77.5098
255.507 6.58754 78.5402 256.234 6.61197 77.8533
255.144 6.57532 78.8836 255.871 6.59976 78.1967
254.781 6.56311 79.2271 255.507 6.58754 78.5402
254.418 6.55089 79.5705 255.144 6.57532 78.8836
254.055 6.53867 79.914 254.781 6.56311 79.2271
253.626 6.53867 80.1806 254.418 6.55089 79.5705
253.168 6.5378 80.3966 254.022 6.54478 79.8756
252.686 6.53431 80.5539 253.595 6.54129 80.1361
252.224 6.53082 80.7453 253.141 6.5378 80.345
251.733 6.53082 80.8592 252.683 6.53431 80.5452
251.232 6.52908 80.9203 252.208 6.53257 80.7022
250.727 6.52733 80.9262 251.72 6.53082 80.8112
250.227 6.52559 80.9559 251.223 6.52908 80.8687
249.726 6.52384 80.9524 250.725 6.52733 80.9123
249.226 6.51686 80.9498 250.226 6.52559 80.9323
248.726 6.5125 80.9463 249.726 6.52122 80.9411
248.226 6.50639 80.9472 249.226 6.51686 80.9437
247.726 6.49592 80.9385 248.726 6.51162 80.9454
247.226 6.48632 80.9332 248.226 6.50377 80.942
246.726 6.4741 80.9236 247.726 6.49504 80.9376
246.227 6.4584 80.9114 247.226 6.48457 80.9306
245.727 6.44356 80.8966 246.726 6.47148 80.921
245.229 6.42262 80.8548 246.227 6.45752 80.9088
244.732 6.40343 80.7982 245.728 6.44007 80.8818
244.239 6.38336 80.713 245.23 6.42175 80.84
243.752 6.36417 80.591 244.734 6.40256 80.7765
243.264 6.34498 80.4828 244.243 6.38336 80.6837
242.779 6.32578 80.3653 243.754 6.36417 80.5833
242.297 6.30833 80.2308 243.266 6.34498 80.4743
241.827 6.30397 80.0569 242.782 6.32666 80.3526
241.367 6.30658 79.8562 242.304 6.31531 80.2047
240.914 6.31444 79.643 241.835 6.31095 80.0305
240.461 6.32142 79.43 241.375 6.31269 79.8367
240.019 6.33276 79.195 240.918 6.31706 79.6333
239.584 6.34411 78.9479 240.468 6.32491 79.4142
239.147 6.35545 78.7055 240.026 6.33451 79.181
238.711 6.36767 78.4601 239.586 6.34498 78.9433
238.274 6.37901 78.2185 239.149 6.35632 78.7017
237.839 6.3921 77.9709 238.711 6.36767 78.4601
237.406 6.40432 77.7217 238.275 6.37988 78.2155
236.978 6.42177 77.4643 237.841 6.3921 77.9686
236.559 6.44009 77.1913 237.409 6.40693 77.7165
236.148 6.46015 76.9067 236.984 6.42351 77.4539
235.743 6.48022 76.6128 236.566 6.44183 77.1803
235.351 6.5029 76.3036 236.155 6.46103 76.8965
234.987 6.53081 75.9581 235.753 6.48196 76.6001
234.622 6.56047 75.6174 235.37 6.50639 76.2791
234.255 6.59099 75.2789 234.996 6.53343 75.9483
233.891 6.62326 74.938 234.626 6.56221 75.6136
233.532 6.65553 74.5913 234.258 6.59274 75.2758
233.184 6.6904 74.2342 233.895 6.62413 74.9336
232.839 6.72528 73.8735 233.539 6.65727 74.5839
232.502 6.75929 73.505 233.189 6.69128 74.2287
232.169 6.79504 73.1337 232.846 6.72528 73.8668
231.841 6.82992 72.7578 232.507 6.76016 73.5003
231.519 6.8648 72.3773 232.174 6.79504 73.129
231.201 6.90142 71.9924 231.846 6.82992 72.7532
230.889 6.93716 71.6032 231.524 6.86567 72.3728
230.591 6.97291 71.2031 231.207 6.90142 71.988
230.296 7.00692 70.8009 230.899 6.93716 71.5955
230.004 7.0418 70.3963 230.597 6.97204 71.1982
229.717 7.07668 69.9882 230.301 7.00692 70.7973
229.44 7.1133 69.5737 230.009 7.0418 70.3927
229.182 7.14905 69.1457 229.724 7.07755 69.9832
228.949 7.18653 68.7043 229.453 7.1133 69.5645
228.73 7.22315 68.2554 229.201 7.14992 69.1344
228.51 7.26151 67.808 228.965 7.18653 68.6949
228.293 7.299 67.359 228.738 7.22402 68.2514
228.081 7.33823 66.9076 228.515 7.26151 67.8052
227.872 7.37659 66.455 228.298 7.29987 67.3564
227.668 7.41669 66 228.085 7.33823 66.9057
227.467 7.45766 65.5444 227.877 7.37746 66.4528
227.277 7.49776 65.0831 227.672 7.41756 65.9986
227.091 7.53786 64.6206 227.475 7.45766 65.5408
226.914 7.57796 64.1546 227.283 7.49776 65.0807
226.732 7.61806 63.6909 227.099 7.53786 64.6177
226.597 7.64771 63.2088 226.915 7.57796 64.1543
226.453 7.67911 62.731 226.756 7.61284 63.6815
226.329 7.70528 62.2467 226.604 7.64597 63.2063
226.197 7.73319 61.7654 226.467 7.67563 62.7265
226.078 7.75674 61.28 226.332 7.70441 62.2459
225.965 7.78117 60.7935 226.205 7.73058 61.763
225.852 7.80298 60.3069 226.085 7.75587 61.2782
225.778 7.8213 59.8118 225.969 7.77943 60.7926
225.731 7.83352 59.313 225.873 7.80036 60.3022
225.659 7.8501 58.8183 225.802 7.81694 59.8076
225.59 7.86667 58.3235 225.731 7.83352 59.313
225.525 7.88325 57.828 225.66 7.8501 58.8182
225.5 7.89983 57.3279 225.592 7.86667 58.3231
225.478 7.91466 56.8283 225.546 7.88325 57.8255
225.488 7.92688 56.3276 225.512 7.89896 57.3269
225.556 7.9391 55.8292 225.5 7.91292 56.8273
225.596 7.95218 55.3309 225.528 7.92601 56.3282
225.646 7.96527 54.8334 225.562 7.9391 55.8296
225.693 7.97836 54.3358 225.604 7.95218 55.3315
225.737 7.99145 53.8379 225.648 7.96527 54.8336
225.782 8.00454 53.3401 225.693 7.97836 54.3358
225.826 8.01763 52.8422 225.737 7.99145 53.8379
225.87 8.03071 52.3444 225.782 8.00454 53.3401
225.915 8.0438 51.8465 225.826 8.01763 52.8422
225.959 8.05689 51.3487 225.87 8.03071 52.3444
226.004 8.06998 50.8508 225.915 8.0438 51.8465
226.05 8.08307 50.3531 225.959 8.05689 51.3487
226.095 8.09616 49.8553 226.005 8.06998 50.8509
226.146 8.10925 49.3581 226.05 8.08307 50.3531
226.197 8.12233 48.8609 226.098 8.09616 49.8556
226.25 8.13368 48.3638 226.147 8.10925 49.3582
226.312 8.1424 47.8677 226.199 8.12146 48.861
226.376 8.14939 47.3717 226.255 8.13193 48.3643
226.443 8.15462 46.8762 226.315 8.14066 47.868
226.51 8.1616 46.3808 226.379 8.14764 47.3721
226.583 8.16684 45.8863 226.444 8.15462 46.8765
226.682 8.16946 45.3957 226.514 8.16073 46.3814
226.775 8.17033 44.9044 226.598 8.16509 45.8885
226.865 8.17818 44.4126 226.687 8.16771 45.3965
226.955 8.18342 43.9207 226.776 8.17295 44.9045
227.044 8.18866 43.4288 226.865 8.17818 44.4126
227.134 8.19389 42.9369 226.955 8.18342 43.9207
227.223 8.19913 42.445 227.044 8.18866 43.4288
227.312 8.20437 41.953 227.134 8.19389 42.9369
227.402 8.2096 41.4611 227.223 8.19913 42.445
227.491 8.21484 40.9692 227.312 8.20437 41.953
227.581 8.22008 40.4773 227.402 8.2096 41.4611
227.67 8.22531 39.9854 227.491 8.21484 40.9692
227.759 8.23055 39.4935 227.581 8.22008 40.4773
227.849 8.23579 39.0015 227.67 8.22531 39.9854
227.938 8.23928 38.5096 227.759 8.23055 39.4935
228.047 8.23666 38.0213 227.849 8.23491 39.0015
228.154 8.23404 37.5329 227.948 8.23579 38.5114
228.271 8.22968 37.0466 228.051 8.23491 38.0221
228.392 8.22182 36.5617 228.161 8.2323 37.5344
228.517 8.2131 36.0774 228.277 8.22706 37.048
228.645 8.20088 35.5943 228.397 8.22008 36.5627
228.773 8.18779 35.111 228.521 8.21048 36.0785
228.912 8.16947 34.6311 228.647 8.19914 35.5948
229.057 8.15289 34.1526 228.78 8.1843 35.1129
229.201 8.13719 33.674 228.918 8.1686 34.6328
229.345 8.12148 33.1955 229.059 8.15289 34.1534
229.488 8.10578 32.7166 229.202 8.13719 33.6744
229.631 8.09007 32.2377 229.345 8.12148 33.1955
229.773 8.07436 31.7588 229.488 8.10578 32.7166
229.916 8.05517 31.2799 229.631 8.09007 32.2377
230.059 8.03249 30.8013 229.773 8.07262 31.7588
230.201 8.01242 30.3225 229.916 8.05256 31.28
230.344 7.99236 29.8437 230.059 8.03249 30.8013
230.487 7.97229 29.3649 230.201 8.01242 30.3225
230.63 7.95222 28.8862 230.344 7.99236 29.8437
230.772 7.93216 28.4074 230.487 7.97229 29.3649
230.915 7.91209 27.9286 230.63 7.95222 28.8862
231.058 7.89202 27.4498 230.772 7.93216 28.4074
231.201 7.87196 26.9711 230.915 7.91209 27.9286
231.343 7.85189 26.4923 231.058 7.89202 27.4498
231.486 7.83183 26.0135 231.201 7.87196 26.9711
231.629 7.81176 25.5347 231.343 7.85189 26.4923
231.771 7.79169 25.056 231.486 7.83183 26.0135
231.914 7.77163 24.5772 231.629 7.81176 25.5347
232.057 7.75156 24.0984 231.771 7.79169 25.056
232.2 7.73149 23.6196 231.914 7.77163 24.5772
232.342 7.71143 23.1409 232.057 7.75156 24.0984
232.485 7.69136 22.6621 232.2 7.73149 23.6196
232.628 7.6713 22.1833 232.342 7.71143 23.1409
232.771 7.65123 21.7045 232.485 7.69136 22.6621
232.913 7.63116 21.2258 232.628 7.6713 22.1833
233.056 7.6111 20.747 232.771 7.65123 21.7045
233.199 7.59103 20.2682 232.913 7.63116 21.2258
233.342 7.57096 19.7894 233.056 7.6111 20.747
233.484 7.5509 19.3107 233.199 7.59103 20.2682
233.627 7.53083 18.8319 233.342 7.57096 19.7894
233.77 7.51077 18.3531 233.484 7.5509 19.3107
233.912 7.4907 17.8743 233.627 7.53083 18.8319
234.055 7.47063 17.3956 233.77 7.51077 18.3531
234.198 7.45057 16.9168 233.912 7.4907 17.8743
234.341 7.4305 16.438 234.055 7.47063 17.3956
234.485 7.41044 15.9597 234.198 7.45057 16.9168
234.635 7.39037 15.4832 234.341 7.4305 16.4383
234.786 7.3703 15.0068 234.488 7.41044 15.9607
234.936 7.35024 14.5303 234.637 7.39037 15.4837
235.085 7.33017 14.0535 234.786 7.3703 15.007
235.235 7.31011 13.5768 234.936 7.35024 14.5303
235.384 7.29004 13.1001 235.085 7.33017 14.0535
235.533 7.26998 12.6233 235.235 7.31011 13.5768
235.683 7.24991 12.1466 235.384 7.29004 13.1001
235.832 7.22984 11.6699 235.533 7.26998 12.6233
235.982 7.20978 11.1931 235.683 7.24991 12.1466
236.131 7.18971 10.7164 235.832 7.22984 11.6699
236.28 7.16965 10.2397 235.982 7.20978 11.1931
236.43 7.14958 9.76292 236.131 7.18971 10.7164
236.579 7.12951 9.28619 236.28 7.16965 10.2397
236.729 7.10945 8.80945 236.43 7.14958 9.76292
236.878 7.08938 8.33272 236.579 7.12951 9.28619
237.027 7.06932 7.85598 236.729 7.10945 8.80945
237.177 7.04925 7.37925 236.878 7.08938 8.33272
237.326 7.02919 6.90251 237.027 7.06932 7.85598
237.476 7.00912 6.42578 237.177 7.04925 7.37925
237.633 6.98905 5.95168 237.326 7.02919 6.90251
237.8 6.97073 5.48059 237.48 7.00912 6.4271
237.962 6.95154 5.00789 237.64 6.98993 5.95384
238.128 6.93234 4.53662 237.801 6.97073 5.48087
238.291 6.91315 4.06449 237.964 6.95154 5.00874
238.455 6.89396 3.59236 238.128 6.93234 4.53662
238.618 6.87476 3.12024 238.291 6.91315 4.06449
238.782 6.85557 2.64811 238.455 6.89396 3.59236
238.925 6.81371 2.17042 238.618 6.87476 3.12024
239.06 6.78842 1.6895 238.772 6.84424 2.64533
239.205 6.76051 1.21159 238.916 6.81633 2.16741
239.349 6.7326 0.733675 239.06 6.78842 1.6895
239.493 6.70468 0.255761 239.205 6.76051 1.21159
239.638 6.67677 -0.222152 239.349 6.7326 0.733675
239.782 6.64886 -0.700065 239.493 6.70468 0.255761
239.926 6.62095 -1.17798 239.638 6.67677 -0.222152
240.104 6.60001 -1.64558 239.782 6.64886 -0.700065
240.322 6.59652 -2.09767 239.943 6.62444 -1.17282
240.515 6.58256 -2.55877 240.132 6.61048 -1.63525
240.718 6.57208 -3.01587 240.324 6.59652 -2.09701
240.934 6.55987 -3.46685 240.521 6.5843 -2.55644
241.175 6.54765 -3.90553 240.727 6.57208 -3.01164
241.469 6.5302 -4.31357 240.951 6.55987 -3.45859
241.772 6.51362 -4.71275 241.21 6.54504 -3.88608
242.064 6.49792 -5.11816 241.491 6.52933 -4.29942
242.378 6.48221 -5.50808 241.777 6.51363 -4.70879
242.708 6.46302 -5.88401 242.077 6.49792 -5.10843
243.096 6.44208 -6.20649 242.393 6.48047 -5.49622
243.495 6.42115 -6.51083 242.744 6.46128 -5.85136
243.871 6.39934 -6.8392 243.119 6.44121 -6.18109
244.247 6.3784 -7.16826 243.495 6.42027 -6.51015
244.623 6.35746 -7.49731 243.871 6.39934 -6.8392
245.001 6.33652 -7.82374 244.247 6.3784 -7.16826
245.382 6.31558 -8.14752 244.624 6.35746 -7.496
245.773 6.29465 -8.45862 245.003 6.33652 -7.82176
246.196 6.2772 -8.72754 245.388 6.31558 -8.14019
246.626 6.258 -8.98394 245.792 6.29639 -8.43386
247.062 6.23881 -9.22952 246.209 6.2772 -8.7089
247.518 6.21962 -9.43834 246.635 6.258 -8.96921
247.972 6.20042 -9.64651 247.077 6.23881 -9.20377
248.443 6.18123 -9.81879 247.525 6.21962 -9.42514
248.911 6.16203 -9.99468 247.984 6.20042 -9.62197
249.393 6.14284 -10.1304 248.447 6.18123 -9.80832
249.875 6.12365 -10.2632 248.92 6.16203 -9.96934
250.355 6.10445 -10.4034 249.398 6.14284 -10.1162
250.839 6.087 -10.5269 249.876 6.12365 -10.2598
251.332 6.07217 -10.6165 250.358 6.10533 -10.3933
251.824 6.05734 -10.7059 250.845 6.08875 -10.5049
252.317 6.04338 -10.7875 251.335 6.07304 -10.6054
252.812 6.02854 -10.8632 251.826 6.05821 -10.6965
253.308 6.01371 -10.9241 252.319 6.04338 -10.7798
253.803 5.99888 -10.9945 252.813 6.02854 -10.852
254.298 5.98404 -11.0606 253.308 6.01371 -10.9232
254.793 5.96921 -11.1293 253.803 5.99888 -10.9919
255.288 5.95438 -11.198 254.298 5.98404 -11.0606
255.783 5.93954 -11.2667 254.793 5.96921 -11.1293
256.278 5.92471 -11.3354 255.288 5.95438 -11.198
256.773 5.90988 -11.4041 255.783 5.93954 -11.2667
257.268 5.89504 -11.4728 256.278 5.92471 -11.3354
257.766 5.88196 -11.5224 256.773 5.90988 -11.4041
258.265 5.868 -11.5538 257.27 5.89592 -11.4633
258.766 5.85403 -11.5504 257.767 5.88196 -11.5086
259.266 5.84007 -11.5295 258.267 5.868 -11.5295